  1  6
  2  6
  3  1
  4  1
  5  1
  6  1
  7  4
  8  4
  9  4
 10  4
 11  1
 12  1
 13  1
 14  1
 15  4
 16  4
 17  4
 18  4
 19  1
 20  1
 21  6
 22  6
 23  1
 24  1
 25  1
 26  1
 27  1
 28  1
 29  3
 30  3
 31  7
 32  7
 33  1
 34  1
 35  1
 36  1
 37  1
 38  1
 39  1
 40  1
 41  1
 42  1
 43  1
 44  1
 45  5
 46  5
 47  1
 48  1
 49  1
 50  1
 51  5
 52  5
 53  1
 54  1
 55  1
 56  1
 57  1
 58  1
 59  1
 60  1
 61  5
 62  5
 63  6
 64  6
 65  1
 66  1
 67  1
 68  1
 69  3
 70  3
 71  1
 72  1
 73  1
 74  1
 75  1
 76  1
 77  1
 78  1
 79  1
 80  1
 81  1
 82  1
 83  2
 84  2
 85  1
 86  1
 87  6
 88  6
 89  3
 90  3
 91  1
 92  1
 93  6
 94  6
 95  1
 96  1
 97  6
 98  6
 99  1
100  1
101  1
102  1
103  1
104  1
105  4
106  4
107  1
108  1
109  2
110  2
111  5
112  5
113  1
114  1
115  1
116  1
117  6
118  6
119  1
120  1
121  1
122  1
123  4
124  4
125  6
126  6
127  2
128  2
129  3
130  3
131  3
132  3
133  3
134  3
135  6
136  6
137  6
138  6
139  1
140  1
141  4
142  4
143  1
144  1
145  6
146  6
147  5
148  5
149  1
150  1
151  1
152  1
153  1
154  1
155  1
156  1
157  1
158  1
159  6
160  6
161  1
162  1
163  1
164  1
165  6
166  6
167  7
168  7
169  5
170  5
171  5
172  5
173  1
174  1
175  1
176  1
177  1
178  1
179  6
180  6
181  5
182  5
183  1
184  1
185  1
186  1
187  6
188  6
189  6
190  6
191  1
192  1
193  5
194  5
195  1
196  1
197  1
198  1
199  7
200  7
201  1
202  1
203  1
204  1
205  1
206  1
207  6
208  6
209  1
210  1
211  6
212  6
213  1
214  1
215  2
216  2
217  3
218  3
219  5
220  5
221  1
222  1
223  3
224  3
225  1
226  1
227  1
228  1
229  1
230  1
231  3
232  3
233  1
234  1
235  2
236  2
237  1
238  1
239  1
240  1
241  1
242  1
243  1
244  1
245  1
246  1
247  5
248  5
249  6
250  6
251  1
252  1
253  5
254  5
255  1
256  1
257  4
258  4
259  1
260  1
261  6
262  6
263  1
264  1
265  1
266  1
267  1
268  1
269  6
270  6
271  2
272  2
273  5
274  5
275  3
276  3
277  6
278  6
279  6
280  6
281  1
282  1
283  5
284  5
285  1
286  1
287  1
288  1
289  1
290  1
291  1
292  1
293  6
294  6
295  1
296  1
297  3
298  3
299  1
300  1
301  1
302  1
303  4
304  4
305  1
306  1
307  1
308  1
309  1
310  1
311  6
312  6
313  1
314  1
315  3
316  3
317  4
318  4
319  6
320  6
321  1
322  1
323  1
324  1
325  6
326  6
327  1
328  1
329  1
330  1
331  1
332  1
333  1
334  1
335  1
336  1
337  1
338  1
339  1
340  1
341  1
342  1
343  1
344  1
345  6
346  6
347  1
348  1
349  1
350  1
351  1
352  1
353  1
354  1
355  1
356  1
357  1
358  1
359  5
360  5
361  1
362  1
363  1
364  1
365  1
366  1
367  1
368  1
369  3
370  3
371  6
372  6
373  6
374  6
375  1
376  1
377  1
378  1
379  1
380  1
381  2
382  2
383  1
384  1
385  5
386  5
387  6
388  6
389  7
390  7
391  1
392  1
393  5
394  5
395  1
396  1
397  6
398  6
399  6
400  6 