  1  6
  2  6
  3  1
  4  1
  5  7
  6  7
  7  5
  8  5
  9  5
 10  5
 11  1
 12  1
 13  1
 14  1
 15  6
 16  6
 17  7
 18  7
 19  1
 20  1
 21  3
 22  3
 23  5
 24  5
 25  1
 26  1
 27  3
 28  3
 29  3
 30  3
 31  1
 32  1
 33  1
 34  1
 35  1
 36  1
 37  1
 38  1
 39  1
 40  1
 41  6
 42  6
 43  3
 44  3
 45  1
 46  1
 47  3
 48  3
 49  3
 50  3
 51  3
 52  3
 53  6
 54  6
 55  1
 56  1
 57  6
 58  6
 59  3
 60  3
 61  3
 62  3
 63  6
 64  6
 65  1
 66  1
 67  3
 68  3
 69  3
 70  3
 71  6
 72  6
 73  5
 74  5
 75  6
 76  6
 77  6
 78  6
 79  1
 80  1
 81  3
 82  3
 83  7
 84  7
 85  1
 86  1
 87  1
 88  1
 89  1
 90  1
 91  1
 92  1
 93  1
 94  1
 95  3
 96  3
 97  5
 98  5
 99  6
100  6
101  1
102  1
103  3
104  3
105  3
106  3
107  4
108  4
109  1
110  1
111  1
112  1
113  1
114  1
115  1
116  1
117  3
118  3
119  1
120  1
121  5
122  5
123  5
124  5
125  6
126  6
127  3
128  3
129  3
130  3
131  1
132  1
133  3
134  3
135  5
136  5
137  6
138  6
139  1
140  1
141  6
142  6
143  1
144  1
145  6
146  6
147  1
148  1
149  1
150  1
151  6
152  6
153  1
154  1
155  1
156  1
157  6
158  6
159  3
160  3
161  7
162  7
163  6
164  6
165  1
166  1
167  3
168  3
169  6
170  6
171  6
172  6
173  1
174  1
175  6
176  6
177  4
178  4
179  6
180  6
181  1
182  1
183  6
184  6
185  6
186  6
187  1
188  1
189  1
190  1
191  1
192  1
193  5
194  5
195  3
196  3
197  1
198  1
199  1
200  1 