  1  3
  2  3
  3  7
  4  7
  5  6
  6  6
  7  7
  8  7
  9  1
 10  1
 11  5
 12  5
 13  5
 14  5
 15  1
 16  1
 17  1
 18  1
 19  4
 20  4
 21  2
 22  2
 23  1
 24  1
 25  1
 26  1
 27  6
 28  6
 29  6
 30  6
 31  2
 32  2
 33  2
 34  2
 35  1
 36  1
 37  5
 38  5
 39  7
 40  7
 41  2
 42  2
 43  6
 44  6
 45  3
 46  3
 47  4
 48  4
 49  1
 50  1
 51  5
 52  5
 53  1
 54  1
 55  6
 56  6
 57  6
 58  6
 59  4
 60  4
 61  7
 62  7
 63  3
 64  3
 65  1
 66  1
 67  1
 68  1
 69  1
 70  1
 71  1
 72  1
 73  7
 74  7
 75  6
 76  6
 77  3
 78  3
 79  6
 80  6
 81  6
 82  6
 83  4
 84  4
 85  1
 86  1
 87  3
 88  3
 89  1
 90  1
 91  1
 92  1
 93  3
 94  3
 95  6
 96  6
 97  1
 98  1
 99  1
100  1
101  1
102  1
103  3
104  3
105  2
106  2
107  6
108  6
109  1
110  1
111  1
112  1
113  1
114  1
115  1
116  1
117  5
118  5
119  1
120  1
121  3
122  3
123  3
124  3
125  1
126  1
127  1
128  1
129  5
130  5
131  7
132  7
133  1
134  1
135  6
136  6
137  5
138  5
139  6
140  6
141  2
142  2
143  3
144  3
145  6
146  6
147  3
148  3
149  3
150  3
151  6
152  6
153  1
154  1
155  6
156  6
157  2
158  2
159  1
160  1
161  1
162  1
163  1
164  1
165  1
166  1
167  1
168  1
169  3
170  3
171  3
172  3
173  3
174  3
175  6
176  6
177  3
178  3
179  3
180  3
181  1
182  1
183  7
184  7
185  1
186  1
187  3
188  3
189  1
190  1
191  6
192  6
193  1
194  1
195  1
196  1
197  1
198  1
199  6
200  6
201  2
202  2
203  1
204  1
205  3
206  3
207  1
208  1
209  4
210  4
211  3
212  3
213  4
214  4
215  3
216  3
217  1
218  1
219  2
220  2
221  4
222  4
223  3
224  3
225  6
226  6
227  1
228  1
229  6
230  6
231  6
232  6
233  6
234  6
235  6
236  6
237  3
238  3
239  3
240  3
241  6
242  6
243  3
244  3
245  1
246  1
247  1
248  1
249  6
250  6
251  1
252  1
253  5
254  5
255  1
256  1
257  3
258  3
259  1
260  1
261  1
262  1
263  6
264  6
265  6
266  6
267  6
268  6
269  1
270  1
271  1
272  1
273  1
274  1
275  1
276  1
277  1
278  1
279  6
280  6
281  1
282  1
283  1
284  1
285  1
286  1
287  1
288  1
289  3
290  3
291  6
292  6
293  3
294  3
295  1
296  1
297  1
298  1
299  3
300  3
301  6
302  6
303  1
304  1
305  3
306  3
307  1
308  1
309  6
310  6
311  6
312  6
313  5
314  5
315  1
316  1
317  1
318  1
319  5
320  5
321  1
322  1
323  1
324  1
325  3
326  3
327  1
328  1
329  1
330  1
331  5
332  5
333  6
334  6
335  1
336  1
337  5
338  5
339  1
340  1
341  6
342  6
343  5
344  5
345  1
346  1
347  6
348  6
349  6
350  6
351  1
352  1
353  6
354  6
355  6
356  6
357  3
358  3
359  5
360  5
361  1
362  1
363  3
364  3
365  3
366  3
367  1
368  1
369  6
370  6
371  5
372  5
373  5
374  5
375  1
376  1
377  3
378  3
379  3
380  3
381  6
382  6
383  1
384  1
385  3
386  3
387  6
388  6
389  1
390  1
391  3
392  3
393  3
394  3
395  4
396  4
397  1
398  1
399  1
400  1
401  1
402  1
403  3
404  3
405  1
406  1
407  1
408  1
409  6
410  6
411  1
412  1
413  1
414  1
415  6
416  6
417  6
418  6
419  1
420  1
421  5
422  5
423  1
424  1
425  1
426  1
427  3
428  3
429  6
430  6
431  1
432  1
433  1
434  1
435  1
436  1
437  1
438  1
439  6
440  6
441  3
442  3
443  1
444  1
445  1
446  1
447  6
448  6
449  1
450  1
451  1
452  1
453  1
454  1
455  1
456  1
457  6
458  6
459  6
460  6
461  6
462  6
463  1
464  1
465  6
466  6
467  3
468  3
469  1
470  1
471  6
472  6
473  5
474  5
475  3
476  3
477  5
478  5
479  3
480  3
481  1
482  1
483  3
484  3
485  6
486  6
487  1
488  1
489  6
490  6
491  6
492  6
493  6
494  6
495  1
496  1
497  6
498  6
499  1
500  1
501  6
502  6
503  1
504  1
505  6
506  6
507  1
508  1
509  6
510  6
511  1
512  1
513  4
514  4
515  1
516  1
517  1
518  1
519  6
520  6
521  6
522  6
523  6
524  6
525  1
526  1
527  6
528  6
529  3
530  3
531  6
532  6
533  5
534  5
535  3
536  3
537  1
538  1
539  1
540  1
541  6
542  6
543  6
544  6
545  3
546  3
547  1
548  1
549  1
550  1
551  6
552  6
553  3
554  3
555  3
556  3
557  1
558  1
559  3
560  3
561  1
562  1
563  3
564  3
565  1
566  1
567  1
568  1
569  6
570  6
571  1
572  1
573  3
574  3
575  3
576  3
577  1
578  1
579  1
580  1
581  1
582  1
583  1
584  1
585  1
586  1
587  5
588  5
589  6
590  6
591  1
592  1
593  3
594  3
595  1
596  1
597  6
598  6
599  1
600  1
601  3
602  3
603  3
604  3
605  3
606  3
607  1
608  1
609  1
610  1
611  6
612  6
613  3
614  3
615  5
616  5
617  5
618  5
619  1
620  1
621  1
622  1
623  1
624  1
625  5
626  5
627  1
628  1
629  1
630  1
631  1
632  1
633  3
634  3
635  6
636  6
637  1
638  1
639  6
640  6
641  6
642  6
643  6
644  6
645  6
646  6
647  1
648  1
649  1
650  1
651  6
652  6
653  6
654  6
655  6
656  6
657  3
658  3
659  1
660  1
661  3
662  3
663  6
664  6
665  3
666  3
667  1
668  1
669  6
670  6
671  1
672  1
673  3
674  3
675  1
676  1
677  3
678  3
679  1
680  1 