  1  4  16 0
  2  4 254 0
  3  3
  4  3
  5  2 680 1
  6  2 442 1
  7  3  72 0
  8  3 310 0
  9  3 526 3
 10  3 764 3
 11  1
 12  1
 13  2 792 2
 14  2 554 2
 15  5 170 0
 16  5 408 0
 17  1 792 0
 18  1 554 0
 19  6 128 0
 20  6 366 0
 21  1
 22  1
 23  4
 24  4
 25  4  16 0
 26  4 254 0
 27  1 708 0
 28  1 470 0
 29  1 142 1
 30  1 380 1
 31  7  58 0
 32  7 296 0
 33  4
 34  4
 35  3 750 2
 36  3 512 2
 37  1 156 1
 38  1 394 1
 39  7  16 1
 40  7 254 1
 41  3
 42  3
 43  1 156 2
 44  1 394 2
 45  4 498 3
 46  4 736 3
 47  1 792 3
 48  1 554 3
 49  7  16 0
 50  7 254 0
 51  3  72 1
 52  3 310 1
 53  5
 54  5
 55  3 694 0
 56  3 456 0
 57  4
 58  4
 59  2 792 0
 60  2 554 0
 61  3 666 1
 62  3 428 1
 63  6 394 3
 64  6 156 3
 65  6  30 3
 66  6 268 3
 67  7 128 3
 68  7 366 3
 69  1
 70  1
 71  3  86 0
 72  3 324 0
 73  1  86 3
 74  1 324 3
 75  1 680 0
 76  1 442 0
 77  1  44 0
 78  1 282 0
 79  3 456 3
 80  3 694 3
 81  3
 82  3
 83  1 680 0
 84  1 442 0
 85  1 142 0
 86  1 380 0
 87  1 792 1
 88  1 554 1
 89  5 240 0
 90  5 478 0
 91  7 338 3
 92  7 100 3
 93  3 268 3
 94  3  30 3
 95  3
 96  3
 97  1 792 1
 98  1 554 1
 99  1 792 0
100  1 554 0
101  5 408 3
102  5 170 3
103  1 792 1
104  1 554 1
105  1 792 3
106  1 554 3
107  1  16 2
108  1 254 2
109  1 792 1
110  1 554 1
111  1
112  1
113  4 792 0
114  4 554 0
115  3 750 2
116  3 512 2
117  1 792 1
118  1 554 1
119  1 156 1
120  1 394 1
121  2
122  2
123  2  30 1
124  2 268 1
125  4 652 0
126  4 414 0
127  3  72 2
128  3 310 2
129  1
130  1
131  1  16 1
132  1 254 1
133  1 366 3
134  1 128 3
135  5
136  5
137  1 680 0
138  1 442 0
139  4  16 0
140  4 254 0
141  4 680 2
142  4 442 2
143  1
144  1
145  6  72 3
146  6 310 3
147  1 708 0
148  1 470 0
149  1 680 0
150  1 442 0
151  1 680 2
152  1 442 2
153  3 282 3
154  3  44 3
155  7 352 3
156  7 114 3
157  2  58 0
158  2 296 0
159  3 666 2
160  3 428 2
161  6 128 2
162  6 366 2
163  3 750 1
164  3 512 1
165  7 394 3
166  7 156 3
167  1 792 0
168  1 554 0
169  6
170  6
171  1 156 0
172  1 394 0
173  1
174  1
175  1  44 2
176  1 282 2
177  1 156 3
178  1 394 3
179  1 792 0
180  1 554 0
181  1 498 3
182  1 736 3
183  1  30 1
184  1 268 1
185  1 680 2
186  1 442 2
187  3 736 2
188  3 498 2
189  6 128 1
190  6 366 1
191  1 708 0
192  1 470 0
193  6 722 0
194  6 484 0
195  1  16 1
196  1 254 1
197  1  16 2
198  1 254 2
199  3 736 0
200  3 498 0
201  7 100 3
202  7 338 3
203  1  16 0
204  1 254 0
205  3  72 0
206  3 310 0
207  1 254 3
208  1  16 3
209  7  58 2
210  7 296 2
211  1
212  1
213  5 142 3
214  5 380 3
215  1  30 3
216  1 268 3
217  1
218  1
219  3 736 0
220  3 498 0
221  1 792 2
222  1 554 2
223  1  16 0
224  1 254 0
225  7 100 0
226  7 338 0
227  6
228  6
229  1
230  1
231  1  16 2
232  1 254 2
233  3 750 2
234  3 512 2
235  3  72 0
236  3 310 0
237  1
238  1
239  1
240  1
241  1 680 1
242  1 442 1
243  1
244  1
245  1  30 1
246  1 268 1
247  3
248  3
249  1
250  1
251  1 778 0
252  1 540 0
253  3 526 3
254  3 764 3
255  1 694 3
256  1 456 3
257  1 764 3
258  1 526 3
259  1
260  1
261  3 380 3
262  3 142 3
263  1
264  1
265  1  16 3
266  1 254 3
267  6 666 3
268  6 428 3
269  7 128 1
270  7 366 1
271  1 778 3
272  1 540 3
273  2 142 3
274  2 380 3
275  1  44 2
276  1 282 2
277  1 792 0
278  1 554 0
279  6 414 3
280  6 652 3
281  3 512 3
282  3 750 3
283  3 484 3
284  3 722 3
285  3
286  3
287  1 792 1
288  1 554 1
289  3 352 3
290  3 114 3
291  1
292  1
293  7 156 0
294  7 394 0
295  6 128 0
296  6 366 0
297  5
298  5
299  1  16 0
300  1 254 0
301  3 100 2
302  3 338 2
303  3 282 3
304  3  44 3
305  1 792 0
306  1 554 0
307  1 764 0
308  1 526 0
309  1
310  1
311  4 680 3
312  4 442 3
313  1 652 0
314  1 414 0
315  3 750 2
316  3 512 2
317  1 156 0
318  1 394 0
319  1  16 0
320  1 254 0
321  1 792 0
322  1 554 0
323  1 792 2
324  1 554 2
325  5 240 2
326  5 478 2
327  1 156 3
328  1 394 3
329  1 456 3
330  1 694 3
331  1
332  1
333  5
334  5
335  1
336  1
337  5 170 0
338  5 408 0
339  3
340  3
341  3  72 2
342  3 310 2
343  1 792 2
344  1 554 2
345  1
346  1
347  1 792 2
348  1 554 2
349  1 540 3
350  1 778 3
351  3 282 3
352  3  44 3
353  1
354  1
355  1  58 2
356  1 296 2
357  5
358  5
359  1
360  1
361  1 792 0
362  1 554 0
363  1
364  1
365  3 526 3
366  3 764 3
367  1 736 3
368  1 498 3
369  1
370  1
371  3 296 3
372  3  58 3
373  3 694 1
374  3 456 1
375  1 428 3
376  1 666 3
377  1 114 2
378  1 352 2
379  1
380  1
381  4 792 2
382  4 554 2
383  6 750 0
384  6 512 0
385  3
386  3
387  1
388  1
389  3
390  3
391  1  16 1
392  1 254 1
393  1 680 1
394  1 442 1
395  3
396  3
397  5 240 0
398  5 478 0
399  3  86 0
400  3 324 0
401  1  44 0
402  1 282 0
403  1  16 0
404  1 254 0
405  1
406  1
407  3 736 1
408  3 498 1
409  1  16 3
410  1 254 3
411  1
412  1
413  6 736 3
414  6 498 3
415  1 792 0
416  1 554 0
417  1 310 3
418  1  72 3
419  1 352 3
420  1 114 3
421  1  44 3
422  1 282 3
423  1
424  1
425  2 736 1
426  2 498 1
427  1 512 3
428  1 750 3
429  1 792 2
430  1 554 2
431  1
432  1
433  3
434  3
435  1 792 0
436  1 554 0
437  1 792 1
438  1 554 1
439  1
440  1
441  5 240 2
442  5 478 2
443  1 554 3
444  1 792 3
445  1 540 3
446  1 778 3
447  1  58 3
448  1 296 3
449  5 240 1
450  5 478 1
451  3 750 0
452  3 512 0
453  1 694 1
454  1 456 1
455  1
456  1
457  1 764 0
458  1 526 0
459  1 156 0
460  1 394 0
461  5 240 2
462  5 478 2
463  1
464  1
465  3 736 0
466  3 498 0
467  1 792 0
468  1 554 0
469  5 240 2
470  5 478 2
471  1 778 3
472  1 540 3
473  1 708 0
474  1 470 0
475  1 156 0
476  1 394 0
477  5 240 2
478  5 478 2
479  6 428 3
480  6 666 3
481  1  16 2
482  1 254 2
483  1 156 0
484  1 394 0
485  1 394 3
486  1 156 3
487  1
488  1
489  6 722 1
490  6 484 1
491  1  16 2
492  1 254 2
493  3 666 0
494  3 428 0
495  6 394 3
496  6 156 3
497  1 792 0
498  1 554 0
499  6
500  6
501  1 792 0
502  1 554 0
503  1 778 2
504  1 540 2
505  1 694 0
506  1 456 0
507  1  16 0
508  1 254 0
509  1 114 3
510  1 352 3
511  1
512  1
513  1 470 3
514  1 708 3
515  1 764 3
516  1 526 3
517  1  16 2
518  1 254 2
519  1 764 0
520  1 526 0
521  1 156 1
522  1 394 1
523  3 750 0
524  3 512 0
525  3 366 3
526  3 128 3
527  1 526 3
528  1 764 3
529  3
530  3
531  1  58 3
532  1 296 3
533  1 100 3
534  1 338 3
535  5
536  5
537  3
538  3
539  1 442 3
540  1 680 3
541  1 736 3
542  1 498 3
543  6 792 2
544  6 554 2
545  1 778 0
546  1 540 0
547  3 666 0
548  3 428 0
549  1 282 3
550  1  44 3
551  1  16 1
552  1 254 1
553  1
554  1
555  1
556  1
557  1  16 0
558  1 254 0
559  1 484 3
560  1 722 3
561  1
562  1
563  6 652 2
564  6 414 2
565  1
566  1
567  1
568  1
569  3 666 1
570  3 428 1
571  5 170 0
572  5 408 0
573  1 792 1
574  1 554 1
575  1 722 3
576  1 484 3
577  1
578  1
579  1 792 2
580  1 554 2
581  3
582  3
583  5
584  5
585  1
586  1
587  6 128 2
588  6 366 2
589  1 792 0
590  1 554 0
591  1 456 3
592  1 694 3
593  1
594  1
595  1 142 1
596  1 380 1
597  1 792 1
598  1 554 1
599  3 442 3
600  3 680 3
601  1  58 3
602  1 296 3
603  1
604  1
605  1
606  1
607  1
608  1
609  1 792 0
610  1 554 0
611  3 666 1
612  3 428 1
613  3 666 0
614  3 428 0
615  1  16 0
616  1 254 0
617  5
618  5
619  1 778 0
620  1 540 0
621  1
622  1
623  5 170 0
624  5 408 0
625  3 750 1
626  3 512 1
627  3 666 3
628  3 428 3
629  3
630  3
631  6 652 0
632  6 414 0
633  6 722 0
634  6 484 0
635  1 708 1
636  1 470 1
637  5
638  5
639  3  86 1
640  3 324 1
641  3 338 3
642  3 100 3
643  3
644  3
645  3 470 3
646  3 708 3
647  1 792 2
648  1 554 2
649  1
650  1
651  1
652  1
653  3  86 0
654  3 324 0
655  6
656  6
657  6 512 3
658  6 750 3
659  1 114 3
660  1 352 3
661  1 778 2
662  1 540 2
663  1 324 3
664  1  86 3
665  1 498 3
666  1 736 3
667  1  16 0
668  1 254 0
669  1 142 0
670  1 380 0
671  1  16 0
672  1 254 0
673  1  16 2
674  1 254 2
675  5 380 3
676  5 142 3
677  1
678  1
679  1
680  1 