  1  1  72 0
  2  1 310 0
  3  3 666 0
  4  3 428 0
  5  3 484 3
  6  3 722 3
  7  6  58 0
  8  6 296 0
  9  1 792 3
 10  1 554 3
 11  6 156 1
 12  6 394 1
 13  1
 14  1
 15  7  30 1
 16  7 268 1
 17  4 736 0
 18  4 498 0
 19  6  30 3
 20  6 268 3
 21  1 680 0
 22  1 442 0
 23  3  30 0
 24  3 268 0
 25  4 792 0
 26  4 554 0
 27  4 792 0
 28  4 554 0
 29  3 666 3
 30  3 428 3
 31  1 142 3
 32  1 380 3
 33  3 114 3
 34  3 352 3
 35  3 282 3
 36  3  44 3
 37  1 792 0
 38  1 554 0
 39  1 254 3
 40  1  16 3
 41  6 156 1
 42  6 394 1
 43  6  58 0
 44  6 296 0
 45  5 170 1
 46  5 408 1
 47  3 666 1
 48  3 428 1
 49  1 764 3
 50  1 526 3
 51  5 240 0
 52  5 478 0
 53  1 470 3
 54  1 708 3
 55  3 666 0
 56  3 428 0
 57  3
 58  3
 59  6 498 3
 60  6 736 3
 61  5 240 1
 62  5 478 1
 63  4  58 3
 64  4 296 3
 65  1  16 1
 66  1 254 1
 67  3 778 1
 68  3 540 1
 69  3
 70  3
 71  1
 72  1
 73  1 764 3
 74  1 526 3
 75  1  16 0
 76  1 254 0
 77  7  72 3
 78  7 310 3
 79  1 792 1
 80  1 554 1
 81  2 792 1
 82  2 554 1
 83  4
 84  4
 85  1 484 3
 86  1 722 3
 87  6 554 3
 88  6 792 3
 89  3 722 1
 90  3 484 1
 91  1 128 0
 92  1 366 0
 93  3
 94  3
 95  3 366 3
 96  3 128 3
 97  1
 98  1
 99  1  16 0
100  1 254 0
101  6 156 3
102  6 394 3
103  4 142 3
104  4 380 3
105  6 652 2
106  6 414 2
107  1  44 0
108  1 282 0
109  3 764 0
110  3 526 0
111  5 240 0
112  5 478 0
113  1 100 3
114  1 338 3
115  3
116  3
117  1 680 0
118  1 442 0
119  1 736 3
120  1 498 3
121  3 778 0
122  3 540 0
123  1 114 0
124  1 352 0
125  1
126  1
127  6 652 0
128  6 414 0
129  1 100 3
130  1 338 3
131  3 722 0
132  3 484 0
133  3 722 0
134  3 484 0
135  1  72 0
136  1 310 0
137  3 708 0
138  3 470 0
139  1  44 3
140  1 282 3
141  6 652 0
142  6 414 0
143  3 526 3
144  3 764 3
145  3 680 3
146  3 442 3
147  5
148  5
149  1
150  1
151  1 156 3
152  1 394 3
153  3 778 0
154  3 540 0
155  6  58 2
156  6 296 2
157  1 128 0
158  1 366 0
159  3
160  3
161  6 484 3
162  6 722 3
163  1
164  1
165  3 708 0
166  3 470 0
167  7
168  7
169  5 170 1
170  5 408 1
171  5
172  5
173  6 694 0
174  6 456 0
175  1 296 3
176  1  58 3
177  1 512 3
178  1 750 3
179  3 708 0
180  3 470 0
181  5 478 3
182  5 716 3
183  6
184  6
185  6 652 0
186  6 414 0
187  1 736 3
188  1 498 3
189  4 708 0
190  4 470 0
191  1  30 3
192  1 268 3
193  5 240 0
194  5 478 0
195  1  86 3
196  1 324 3
197  1 792 2
198  1 554 2
199  1
200  1
201  3 268 3
202  3  30 3
203  1 296 3
204  1  58 3
205  6 694 0
206  6 456 0
207  6 100 0
208  6 338 0
209  1
210  1
211  1 764 3
212  1 526 3
213  6
214  6
215  1  30 3
216  1 268 3
217  1 142 0
218  1 380 0
219  5
220  5
221  1 792 2
222  1 554 2
223  3 764 1
224  3 526 1
225  1  44 0
226  1 282 0
227  3 778 2
228  3 540 2
229  6 366 3
230  6 128 3
231  6 268 3
232  6  30 3
233  1 540 3
234  1 778 3
235  7  86 0
236  7 324 0
237  1  16 1
238  1 254 1
239  1 540 3
240  1 778 3
241  1
242  1
243  1  16 1
244  1 254 1
245  1 128 2
246  1 366 2
247  5 170 0
248  5 408 0
249  3
250  3
251  1 554 3
252  1 792 3
253  5
254  5
255  6  58 0
256  6 296 0
257  6 652 0
258  6 414 0
259  1
260  1
261  1 526 3
262  1 764 3
263  1 792 0
264  1 554 0
265  3
266  3
267  1  16 1
268  1 254 1
269  3
270  3
271  3 484 3
272  3 722 3
273  5 170 3
274  5 408 3
275  1 540 3
276  1 778 3
277  6 100 0
278  6 338 0
279  6
280  6
281  1 128 3
282  1 366 3
283  5
284  5
285  3
286  3
287  3 750 0
288  3 512 0
289  1
290  1
291  6
292  6
293  1 680 0
294  1 442 0
295  1 324 3
296  1  86 3
297  3 722 0
298  3 484 0
299  1
300  1
301  1
302  1
303  1 366 3
304  1 128 3
305  2
306  2
307  3
308  3
309  1 792 0
310  1 554 0
311  6  86 3
312  6 324 3
313  3 778 1
314  3 540 1
315  3 666 3
316  3 428 3
317  4
318  4
319  2 736 0
320  2 498 0
321  1
322  1
323  1 128 0
324  1 366 0
325  3 428 3
326  3 666 3
327  3  30 1
328  3 268 1
329  1 128 0
330  1 366 0
331  3
332  3
333  1 128 1
334  1 366 1
335  3
336  3
337  6 694 0
338  6 456 0
339  6  58 0
340  6 296 0
341  6
342  6
343  1 128 0
344  1 366 0
345  1 268 3
346  1  30 3
347  1  16 2
348  1 254 2
349  6
350  6
351  6
352  6
353  1 792 1
354  1 554 1
355  6
356  6
357  3 470 3
358  3 708 3
359  5 170 2
360  5 408 2
361  4  16 0
362  4 254 0
363  1 114 0
364  1 352 0
365  1 792 0
366  1 554 0
367  6 296 3
368  6  58 3
369  3 498 3
370  3 736 3
371  2 764 3
372  2 526 3
373  3
374  3
375  3
376  3
377  6
378  6
379  3 778 2
380  3 540 2
381  6  86 1
382  6 324 1
383  1
384  1
385  5 240 2
386  5 478 2
387  1
388  1
389  1 366 3
390  1 128 3
391  6 142 3
392  6 380 3
393  5 170 2
394  5 408 2
395  1 114 0
396  1 352 0
397  3 708 2
398  3 470 2
399  6
400  6 