  1  4
  2  4
  3  4
  4  4
  5  7
  6  7
  7  2
  8  2
  9  7
 10  7
 11  1
 12  1
 13  7
 14  7
 15  3
 16  3
 17  3
 18  3
 19  1
 20  1
 21  2
 22  2
 23  1
 24  1
 25  7
 26  7
 27  3
 28  3
 29  3
 30  3
 31  1
 32  1
 33  1
 34  1
 35  3
 36  3
 37  3
 38  3
 39  6
 40  6
 41  1
 42  1
 43  3
 44  3
 45  1
 46  1
 47  1
 48  1
 49  1
 50  1
 51  3
 52  3
 53  1
 54  1
 55  6
 56  6
 57  4
 58  4
 59  4
 60  4
 61  5
 62  5
 63  3
 64  3
 65  6
 66  6
 67  3
 68  3
 69  6
 70  6
 71  6
 72  6
 73  6
 74  6
 75  1
 76  1
 77  1
 78  1
 79  3
 80  3
 81  5
 82  5
 83  1
 84  1
 85  7
 86  7
 87  4
 88  4
 89  1
 90  1
 91  4
 92  4
 93  1
 94  1
 95  6
 96  6
 97  1
 98  1
 99  4
100  4
101  1
102  1
103  1
104  1
105  3
106  3
107  6
108  6
109  1
110  1
111  6
112  6
113  1
114  1
115  1
116  1
117  1
118  1
119  5
120  5
121  1
122  1
123  1
124  1
125  1
126  1
127  1
128  1
129  1
130  1
131  6
132  6
133  1
134  1
135  1
136  1
137  3
138  3
139  3
140  3
141  5
142  5
143  1
144  1
145  1
146  1
147  1
148  1
149  3
150  3
151  3
152  3
153  1
154  1
155  3
156  3
157  1
158  1
159  6
160  6
161  1
162  1
163  1
164  1
165  3
166  3
167  1
168  1
169  1
170  1
171  1
172  1
173  3
174  3
175  1
176  1
177  1
178  1
179  1
180  1
181  6
182  6
183  1
184  1
185  1
186  1
187  1
188  1
189  5
190  5
191  1
192  1
193  3
194  3
195  1
196  1
197  6
198  6
199  1
200  1
201  6
202  6
203  2
204  2
205  3
206  3
207  1
208  1
209  3
210  3
211  7
212  7
213  1
214  1
215  1
216  1
217  3
218  3
219  6
220  6
221  1
222  1
223  1
224  1
225  1
226  1
227  1
228  1
229  1
230  1
231  6
232  6
233  1
234  1
235  1
236  1
237  3
238  3
239  3
240  3
241  5
242  5
243  1
244  1
245  1
246  1
247  6
248  6
249  3
250  3
251  1
252  1
253  6
254  6
255  3
256  3
257  6
258  6
259  1
260  1
261  3
262  3
263  1
264  1
265  3
266  3
267  3
268  3
269  1
270  1
271  1
272  1
273  5
274  5
275  5
276  5
277  5
278  5
279  3
280  3
281  1
282  1
283  6
284  6
285  1
286  1
287  1
288  1
289  1
290  1
291  1
292  1
293  1
294  1
295  6
296  6
297  3
298  3
299  3
300  3
301  6
302  6
303  1
304  1
305  1
306  1
307  1
308  1
309  3
310  3
311  1
312  1
313  1
314  1
315  3
316  3
317  1
318  1
319  1
320  1
321  1
322  1
323  1
324  1
325  1
326  1
327  3
328  3
329  3
330  3
331  6
332  6
333  3
334  3
335  1
336  1
337  3
338  3
339  6
340  6
341  1
342  1
343  5
344  5
345  1
346  1
347  6
348  6
349  3
350  3
351  1
352  1
353  1
354  1
355  1
356  1
357  1
358  1
359  6
360  6
361  1
362  1
363  1
364  1
365  1
366  1
367  1
368  1
369  1
370  1
371  1
372  1
373  1
374  1
375  6
376  6
377  6
378  6
379  3
380  3
381  3
382  3
383  3
384  3
385  1
386  1
387  6
388  6
389  3
390  3
391  5
392  5
393  1
394  1
395  1
396  1
397  3
398  3
399  1
400  1
401  6
402  6
403  1
404  1
405  1
406  1
407  1
408  1
409  1
410  1
411  6
412  6
413  1
414  1
415  1
416  1
417  6
418  6
419  1
420  1
421  1
422  1
423  1
424  1
425  1
426  1
427  5
428  5
429  1
430  1
431  1
432  1
433  1
434  1
435  1
436  1
437  3
438  3
439  1
440  1
441  1
442  1
443  3
444  3
445  1
446  1
447  3
448  3
449  5
450  5
451  1
452  1
453  5
454  5
455  1
456  1
457  1
458  1
459  1
460  1
461  1
462  1
463  3
464  3
465  1
466  1
467  3
468  3
469  3
470  3
471  3
472  3
473  1
474  1
475  1
476  1
477  1
478  1
479  3
480  3
481  6
482  6
483  1
484  1
485  6
486  6
487  6
488  6
489  5
490  5
491  1
492  1
493  1
494  1
495  1
496  1
497  3
498  3
499  1
500  1
501  1
502  1
503  1
504  1
505  3
506  3
507  1
508  1
509  5
510  5
511  1
512  1
513  3
514  3
515  1
516  1
517  6
518  6
519  1
520  1
521  1
522  1
523  2
524  2
525  1
526  1
527  6
528  6
529  6
530  6
531  3
532  3
533  6
534  6
535  1
536  1
537  1
538  1
539  1
540  1
541  1
542  1
543  3
544  3
545  6
546  6
547  1
548  1
549  1
550  1
551  1
552  1
553  3
554  3
555  1
556  1
557  1
558  1
559  6
560  6
561  1
562  1
563  1
564  1
565  1
566  1
567  1
568  1
569  3
570  3
571  3
572  3
573  3
574  3
575  1
576  1
577  6
578  6
579  1
580  1
581  5
582  5
583  6
584  6
585  1
586  1
587  3
588  3
589  1
590  1
591  1
592  1
593  3
594  3
595  5
596  5
597  1
598  1
599  5
600  5
601  6
602  6
603  6
604  6
605  1
606  1
607  3
608  3
609  5
610  5
611  1
612  1
613  1
614  1
615  1
616  1
617  1
618  1
619  3
620  3
621  1
622  1
623  1
624  1
625  6
626  6
627  5
628  5
629  1
630  1
631  6
632  6
633  3
634  3
635  1
636  1
637  2
638  2
639  3
640  3
641  1
642  1
643  1
644  1
645  1
646  1
647  1
648  1
649  3
650  3
651  1
652  1
653  1
654  1
655  1
656  1
657  1
658  1
659  1
660  1
661  1
662  1
663  6
664  6
665  3
666  3
667  3
668  3
669  5
670  5
671  6
672  6
673  3
674  3
675  1
676  1
677  6
678  6
679  1
680  1
681  1
682  1
683  1
684  1
685  1
686  1
687  1
688  1
689  1
690  1
691  1
692  1
693  1
694  1
695  5
696  5
697  6
698  6
699  1
700  1
701  1
702  1
703  3
704  3
705  3
706  3
707  1
708  1
709  1
710  1
711  6
712  6
713  6
714  6
715  1
716  1
717  1
718  1
719  1
720  1
721  1
722  1
723  6
724  6
725  1
726  1
727  3
728  3
729  3
730  3
731  1
732  1
733  1
734  1
735  3
736  3
737  6
738  6
739  1
740  1
741  1
742  1
743  5
744  5
745  3
746  3
747  1
748  1
749  1
750  1
751  6
752  6
753  6
754  6
755  1
756  1
757  1
758  1
759  1
760  1
761  1
762  1
763  4
764  4
765  1
766  1
767  1
768  1
769  3
770  3
771  1
772  1
773  1
774  1
775  1
776  1
777  1
778  1
779  1
780  1
781  6
782  6
783  3
784  3
785  6
786  6
787  1
788  1
789  1
790  1
791  3
792  3
793  4
794  4
795  1
796  1
797  1
798  1
799  1
800  1
801  3
802  3
803  3
804  3
805  1
806  1
807  3
808  3
809  1
810  1
811  1
812  1
813  6
814  6
815  1
816  1
817  5
818  5
819  6
820  6
821  1
822  1
823  1
824  1
825  3
826  3
827  3
828  3
829  3
830  3
831  6
832  6
833  3
834  3
835  1
836  1
837  1
838  1
839  3
840  3
841  1
842  1
843  3
844  3
845  7
846  7
847  6
848  6
849  3
850  3
851  5
852  5
853  3
854  3
855  5
856  5
857  1
858  1
859  1
860  1
861  2
862  2
863  1
864  1
865  5
866  5
867  6
868  6
869  3
870  3
871  5
872  5
873  1
874  1
875  1
876  1
877  1
878  1
879  1
880  1
881  3
882  3
883  5
884  5
885  6
886  6
887  3
888  3
889  3
890  3
891  1
892  1
893  2
894  2
895  2
896  2
897  1
898  1
899  1
900  1
901  1
902  1
903  3
904  3
905  1
906  1
907  1
908  1
909  1
910  1
911  3
912  3
913  1
914  1
915  1
916  1 